9974260632
7041587383
7043344742
9104946672
7435913910
6351702564
6353964306
7434956162
7041924136
8128378881
9898445110
6355962883
7016004959
9106744806
9824779886
9510432316
9773165921
9998037154
7043224510
9409202489
7016016453
6355465717
6355094295
9054484030
9316529853
9724493911
6355751978
6353648394
6351379303
6352763838
6353516190
6354035021
6355251577
7043982443
7096217482
7284813378
7435819885
7778048350
7863854143
7874440972
7874548495
7984729278
7984784195
7990243293
7990673281
8000819488
8128132897
8128365832
8128892785
8140721082
8160457045
8160924475
8200042362
8200689870
8238268882
8264277395
8320301352
8320744125
8320818054
8347011897
8347638292
8401482637
8401666757
8401731842
8485984515
8488907965
8490060488
8490929339
8779805298
8780197137
8780269889
8780596773
8799193672
8799588485
8849039833
8866196651
9023018166
9023363632
9033030621
9054126190
9054215544
9054417852
9081172238
9099740545
9104854069
9106361763
9173094976
9173095924
9173870745
9265922128
9313251037
9313473310
9313711017
9313732015
9313766304
9313897565
9316086581
9316277492
9327066578
9327145966
9327865498
9328269498
9328373441
9328923816
9408672400
9427547572
9428956001
9429469904
9429543052
9510093875
9510484625
9510496722
9510575962
9510579587
9510619658
9510636523
9510845676
9512408551
9512950925
9537198520
9537417844
9558240611
9586609106
9586617956
9586996501
9601032098
9638656330
9638911390
9662179080
9662716888
9664960711
9714132306
9714173707
9714404055
9723427053
9723747200
9727905111
9737266268
9773432028
9824631818
9825749650
9825847573
9879446778
9898724787
9898757115
9898788174
9904148813
9909218253
9909550677
9909754490
9913065171
9913668688
9924015411
9924544052
9924992624
9925080056
9925178178
9974208404
9998081328
